00100111101111011111111111100000
10101111101111100000000000011100
00000000000111011111000000100001
10101111110000000000000000001000
00100100000000100000000000000001
10101111110000100000000000001100

00111100000000010000010111110101
00110100001000100000000000000000
00110100010000101110000100000000
10101111110000100000000000010000

10001111110000100000000000010000
00000000000000000000000000000000
00100100010000111111111111111111
10101111110000110000000000010000
00000000000000100001000000101011
00110000010000100000000011111111
00010000010000000000000000000011
00000000000000000000000000000000
00000100000000011111111111110111
00000000000000000000000000000000
10001111110000100000000000001100
00000000000000000000000000000000
10101111110000100000000000010100
10001111110000110000000000001100
10001111110000100000000000001000
00000000000000000000000000000000
00000000011000100001000000100001
10101111110000100000000000001100
10001111110000100000000000001100
00000000000000000000000000000000
10101111110000100000000000001000
00000100000000011111111111100110
00000000000000000000000000000000
